Job 3355941.d15n41.ccr.buffalo.edu has requested 12 cores/processors per node.
working directory = /user/ruhansa/GPU

=================== V =========================

20.00 20.00 20.00 20.00 20.00 20.00 20.00 20.00 20.00 20.00 20.00 20.00 20.00 20.00 20.00 20.00 20.00 20.00 20.00 20.00 
20.00 20.00 20.00 20.00 20.00 20.00 20.00 20.00 20.00 20.00 20.00 20.00 20.00 20.00 20.00 20.00 20.00 20.00 20.00 20.00 
20.00 20.00 20.00 20.00 20.00 20.00 20.00 20.00 20.00 20.00 20.00 20.00 20.00 20.00 20.00 20.00 20.00 20.00 20.00 20.00 
20.00 20.00 20.00 20.00 20.00 20.00 20.00 20.00 20.00 20.00 20.00 20.00 20.00 20.00 20.00 20.00 20.00 20.00 20.00 20.00 
20.00 20.00 20.00 20.00 20.00 20.00 20.00 20.00 20.00 20.00 20.00 20.00 20.00 20.00 20.00 20.00 20.00 20.00 20.00 20.00 
20.00 20.00 20.00 20.00 20.00 20.00 20.00 20.00 20.00 20.00 20.00 20.00 20.00 20.00 20.00 20.00 20.00 20.00 20.00 20.00 
20.00 20.00 20.00 20.00 20.00 20.00 20.00 20.00 20.00 20.00 20.00 20.00 20.00 20.00 20.00 20.00 20.00 20.00 20.00 20.00 
20.00 20.00 20.00 20.00 20.00 20.00 20.00 20.00 20.00 20.00 20.00 20.00 20.00 20.00 20.00 20.00 20.00 20.00 20.00 20.00 
20.00 20.00 20.00 20.00 20.00 20.00 20.00 20.00 20.00 20.00 20.00 20.00 20.00 20.00 20.00 20.00 20.00 20.00 20.00 20.00 
20.00 20.00 20.00 20.00 20.00 20.00 20.00 20.00 20.00 20.00 20.00 20.00 20.00 20.00 20.00 20.00 20.00 20.00 20.00 20.00 
20.00 20.00 20.00 20.00 20.00 20.00 20.00 20.00 20.00 20.00 20.00 20.00 20.00 20.00 20.00 20.00 20.00 20.00 20.00 20.00 
20.00 20.00 20.00 20.00 20.00 20.00 20.00 20.00 20.00 20.00 20.00 20.00 20.00 20.00 20.00 20.00 20.00 20.00 20.00 20.00 
20.00 20.00 20.00 20.00 20.00 20.00 20.00 20.00 20.00 20.00 20.00 20.00 20.00 20.00 20.00 20.00 20.00 20.00 20.00 20.00 
20.00 20.00 20.00 20.00 20.00 20.00 20.00 20.00 20.00 20.00 20.00 20.00 20.00 20.00 20.00 20.00 20.00 20.00 20.00 20.00 
20.00 20.00 20.00 20.00 20.00 20.00 20.00 20.00 20.00 20.00 20.00 20.00 20.00 20.00 20.00 20.00 20.00 20.00 20.00 20.00 
20.00 20.00 20.00 20.00 20.00 20.00 20.00 20.00 20.00 20.00 20.00 20.00 20.00 20.00 20.00 20.00 20.00 20.00 20.00 20.00 
20.00 20.00 20.00 20.00 20.00 20.00 20.00 20.00 20.00 20.00 20.00 20.00 20.00 20.00 20.00 20.00 20.00 20.00 20.00 20.00 
20.00 20.00 20.00 20.00 20.00 20.00 20.00 20.00 20.00 20.00 20.00 20.00 20.00 20.00 20.00 20.00 20.00 20.00 20.00 20.00 
20.00 20.00 20.00 20.00 20.00 20.00 20.00 20.00 20.00 20.00 20.00 20.00 20.00 20.00 20.00 20.00 20.00 20.00 20.00 20.00 
20.00 20.00 20.00 20.00 20.00 20.00 20.00 20.00 20.00 20.00 20.00 20.00 20.00 20.00 20.00 20.00 20.00 20.00 20.00 20.00 
 hoosh = 0 

 GOOD! ONLY ONE MORE TO GO!!! BIG BIG : ) 
 
 msize: 20	 tilewidth: 4	 task: 2	 timeElapsed: 2.110000
 
 msize: 10000	 tilewidth: 10	 task: 2	 timeElapsed: 521.740000
 
 msize: 10000	 tilewidth: 10	 task: 5	 timeElapsed: 1451.090000
 
 msize: 10000	 tilewidth: 20	 task: 2	 timeElapsed: 429.460000
 
 msize: 10000	 tilewidth: 20	 task: 5	 timeElapsed: 630.240000
 
 msize: 10000	 tilewidth: 50	 task: 2	 timeElapsed: 393.130000
 
 msize: 10000	 tilewidth: 50	 task: 5	 timeElapsed: 464.220000
 
 msize: 15000	 tilewidth: 10	 task: 2	 timeElapsed: 1381.130000
 
 msize: 15000	 tilewidth: 10	 task: 5	 timeElapsed: 4534.170000
 
 msize: 15000	 tilewidth: 20	 task: 2	 timeElapsed: 1072.750000
 
 msize: 15000	 tilewidth: 20	 task: 5	 timeElapsed: 1728.250000
 
 msize: 15000	 tilewidth: 50	 task: 2	 timeElapsed: 951.530000
 
 msize: 15000	 tilewidth: 50	 task: 5	 timeElapsed: 1188.290000
 
 msize: 20000	 tilewidth: 10	 task: 2	 timeElapsed: 1368.240000
 
 msize: 20000	 tilewidth: 10	 task: 5	 timeElapsed: 1368.530000
 
 msize: 20000	 tilewidth: 20	 task: 2	 timeElapsed: 1368.350000
 
 msize: 20000	 tilewidth: 20	 task: 5	 timeElapsed: 1368.430000
 
 msize: 20000	 tilewidth: 50	 task: 2	 timeElapsed: 1368.150000
 
 msize: 20000	 tilewidth: 50	 task: 5	 timeElapsed: 1368.320000
 
 msize: 25000	 tilewidth: 10	 task: 2	 timeElapsed: 2136.360000
 
 msize: 25000	 tilewidth: 10	 task: 5	 timeElapsed: 2136.350000
 
 msize: 25000	 tilewidth: 20	 task: 2	 timeElapsed: 2136.210000
 
 msize: 25000	 tilewidth: 20	 task: 5	 timeElapsed: 2136.580000
 
 msize: 25000	 tilewidth: 50	 task: 2	 timeElapsed: 2136.250000
 
 msize: 25000	 tilewidth: 50	 task: 5	 timeElapsed: 2136.480000
=>> PBS: job killed: walltime 36015 exceeded limit 36000
